# wavelength (um) flux flux_error
4.040404040404040664e+00 9.174581097817424702e-02 3.673572127189068670e-01
4.122028364452606120e+00 1.127265438462036334e-01 3.581184582356077839e-01
4.205301664744578893e+00 1.190994953769617705e-02 3.513002995312851651e-01
4.290257253931337722e+00 3.193773596673189059e-04 3.517849059285904079e-01
4.376929117647121892e+00 2.792048894665664135e-03 3.402875271858775141e-01
4.465351928104639434e+00 2.891062496972092097e-02 3.265000167111330454e-01
4.555561057965339167e+00 7.356913533210819763e-03 3.206112814957818302e-01
4.647592594489891482e+00 5.070369546463521053e-03 3.068579863040915012e-01
4.741483353974536463e+00 4.558501702349255537e-03 2.861746658612463468e-01
4.837270896479072491e+00 3.334425914111131817e-02 2.723991736983722989e-01
4.934993540852387284e+00 1.146926275378218202e-01 2.598168160568619101e-01
5.034690380061525694e+00 1.621523092211469841e-01 2.407502244369753575e-01
5.136401296830445773e+00 1.517542045892793512e-01 2.230020558725013535e-01
5.240166979594697239e+00 1.287687805716874745e-01 2.107050823646507143e-01
5.346028938778427886e+00 1.473824561066802430e-01 1.980575476428319825e-01
5.454029523400214963e+00 1.180723718137632605e-01 1.827730648532050473e-01
5.564211938014360648e+00 1.116102572441943080e-01 1.693376800798588044e-01
5.676620259994448858e+00 9.353990190525370008e-02 1.591538886715994361e-01
5.791299457166053877e+00 9.331119350168272375e-02 1.491861601243507085e-01
5.908295405795671584e+00 7.877642838845773376e-02 1.379742623804544877e-01
6.027654908943058665e+00 9.213802658587051664e-02 1.274501264177370918e-01
6.149425715184332120e+00 1.162767509193080029e-01 1.188536476930361491e-01
6.273656537713309334e+00 1.999051004301518886e-01 1.111646888746268963e-01
6.400397073828729688e+00 1.125665794936665243e-01 1.031359090790630456e-01
6.529698024815169255e+00 9.924278469586250706e-02 9.511001991583183102e-02
6.661611116225575557e+00 1.137365254141041587e-01 8.799025833125870277e-02
6.796189118573567001e+00 1.382543067101190681e-01 8.191375396484078253e-02
6.933485868443741040e+00 1.900234232766623010e-01 7.633641908889747529e-02
7.073556290028461646e+00 2.511940379650187127e-01 7.085873912370871386e-02
7.216456417099744947e+00 2.690469070232834325e-01 6.561301754245214835e-02
7.362243415424991611e+00 2.051171756406957591e-01 6.091111367785901481e-02
7.510975605635596963e+00 2.086547388936870195e-01 5.686244254761316924e-02
7.662712486557527569e+00 1.900172841788862199e-01 5.325693681781361322e-02
7.817514759013236336e+00 2.368911484254966893e-01 4.991135398118205085e-02
7.975444350104412550e+00 2.915316160076016905e-01 4.676398367213364243e-02
8.136564437985310150e+00 4.847710418005401478e-01 4.394299858699771827e-02
8.300939477136529021e+00 6.702133373066054833e-01 4.148441319097166680e-02
8.468635224149389629e+00 7.616208619512429001e-01 3.934597214914491159e-02
8.639718764031194098e+00 8.611045778179731158e-01 3.747822004691030856e-02
8.814258537041927966e+00 9.357248869575086614e-01 3.578538408738776710e-02
8.992324366073077613e+00 9.543125340829534675e-01 3.422036524153445475e-02
9.173987484579601670e+00 9.642512689401292469e-01 3.281668253398811047e-02
9.359320565076162168e+00 9.618277077588304191e-01 3.160307094834078484e-02
9.548397748209012548e+00 9.744557234768372878e-01 3.060144572949042088e-02
9.741294672415254041e+00 9.992151064909126079e-01 2.979132442345355791e-02
9.938088504181219918e+00 1.000000000000000000e+00 2.911875216288388121e-02
1.013885796891215385e+01 9.849143813021911109e-01 2.855177010900675563e-02
1.034368338242552987e+01 9.615577964092089092e-01 2.807625027016388483e-02
1.055264668308059228e+01 9.443223629122643459e-01 2.770117934286056571e-02
1.076583146455696749e+01 9.485527841700710505e-01 2.744651528705817703e-02
1.098332300929549277e+01 9.308877930941794610e-01 2.730017296286672834e-02
1.120520832261459354e+01 8.786673406856279067e-01 2.725420849849362684e-02
1.143157616751589778e+01 7.857606497165592341e-01 2.729233985982937316e-02
1.166251710019298748e+01 6.811007455303595970e-01 2.741010981571399482e-02
1.189812350625749282e+01 6.170818509081116288e-01 2.761689799031194492e-02
1.213848963769703637e+01 6.137210336158465118e-01 2.791221579873666425e-02
1.238371165057980683e+01 6.180884604379474068e-01 2.826554696478110473e-02
1.263388764352081139e+01 6.491464220331284452e-01 2.869223235166288785e-02
1.288911769692527365e+01 7.051789230562304223e-01 2.919963546511787633e-02
1.314950391302477506e+01 6.890265456819127943e-01 2.974209129399063220e-02
1.341515045672224282e+01 5.769748239441835347e-01 3.030816446815232448e-02
1.368616359726208742e+01 5.025465384953385906e-01 3.096462229706599401e-02
1.396265175074213083e+01 3.878341020632087299e-01 3.165971227527317189e-02
1.424472552348439613e+01 2.819631604602805819e-01 3.240800732600811196e-02
1.453249775628206031e+01 1.703624166390161065e-01 3.319131316715390190e-02
1.482608356954028395e+01 1.391901503845883459e-01 3.404986542467180327e-02
1.512560040932897643e+01 1.397749450318262754e-01 3.495683924307516760e-02
1.543116809436592263e+01 1.615625375142279996e-01 3.591108632382378901e-02
1.574290886394907574e+01 2.334828397896933916e-01 3.693576180169427792e-02
1.606094742685713683e+01 3.179593218972153745e-01 3.801929933027863723e-02
1.638541101123809085e+01 3.717425492270935994e-01 3.914571534486959575e-02
1.671642941550552308e+01 3.848452318573096775e-01 4.031325756127449034e-02
1.705413506026321002e+01 4.154154248454450249e-01 4.155166574675226571e-02
1.739866304127863117e+01 4.237469274907171846e-01 4.283509786530388663e-02
1.775015118352667898e+01 4.229415303201103371e-01 4.416265335889668631e-02
1.810874009632519943e+01 4.053969280128196240e-01 4.552143711836360157e-02
1.839491374864422824e+01 3.728125449908638034e-01 6.165333789014849908e-02
