<ATMOSPHERE-DESCRIPTION>K2-18b Hycean Sorg1X
<ATMOSPHERE-STRUCTURE>Equilibrium
<ATMOSPHERE-PRESSURE>1.000
<ATMOSPHERE-PUNIT>bar
<ATMOSPHERE-WEIGHT>5.261996961574364
<ATMOSPHERE-NGAS>18
<ATMOSPHERE-GAS>H2,He,H2O,CH4,C2H6,CO2,C2H2,C2H4,CO,H2CO,NH3,SO2,H2S,SO,CS2,OCS,C2H6S,C2H6S2
<ATMOSPHERE-TYPE>HIT[45],HIT[0],HIT[1],HIT[6],HIT[27],HIT[2],HIT[26],HIT[38],HIT[5],HIT[20],HIT[11],HIT[9],HIT[31],HIT[50],HIT[53],HIT[19],XSEC[75-18-3],XSEC[624-92-0]
<ATMOSPHERE-ABUN>1,1,1,1,1,1,1,1,1,1,1,1,1,1,1,1,1,1
<ATMOSPHERE-UNIT>scl,scl,scl,scl,scl,scl,scl,scl,scl,scl,scl,scl,scl,scl,scl,scl,scl,scl
<ATMOSPHERE-NAERO>0
<ATMOSPHERE-LAYERS-MOLECULES>Altitude,H2,He,H2O,CH4,C2H6,CO2,C2H2,C2H4,CO,H2CO,NH3,SO2,H2S,SO,CS2,OCS,C2H6S,C2H6S2
<ATMOSPHERE-LAYERS>100
<ATMOSPHERE-LAYER-1>1.0000E+00,3.1983E+02,0.0000E+00,7.2886E-01,1.5722E-01,5.1069E-02,1.3172E-02,7.7698E-04,9.6964E-03,2.9978E-22,1.2550E-06,9.0771E-03,1.5895E-13,5.1277E-10,3.8538E-10,2.5960E-07,2.9711E-14,2.2085E-07,1.6352E-07,2.4606E-06,1.1469E-12
<ATMOSPHERE-LAYER-2>8.3022E-01,3.1659E+02,7.7702E+00,7.2659E-01,1.5526E-01,5.3666E-02,1.3568E-02,8.0035E-04,9.9838E-03,1.9180E-22,1.2932E-06,9.3501E-03,7.0624E-14,5.2819E-10,3.9724E-10,2.9796E-07,3.1620E-14,2.2755E-07,1.7196E-07,2.5057E-06,5.6076E-13
<ATMOSPHERE-LAYER-3>6.8926E-01,3.1349E+02,1.5248E+01,7.2569E-01,1.5507E-01,5.4845E-02,1.3551E-02,7.9934E-04,9.9693E-03,1.2124E-22,1.2925E-06,9.3384E-03,2.4804E-14,5.2753E-10,3.9704E-10,3.2946E-07,3.3570E-14,2.2763E-07,1.7539E-07,2.4714E-06,2.4687E-13
<ATMOSPHERE-LAYER-4>5.7224E-01,3.1047E+02,2.2636E+01,7.2473E-01,1.5486E-01,5.6092E-02,1.3533E-02,7.9828E-04,9.9541E-03,7.7101E-23,1.2920E-06,9.3260E-03,7.8829E-15,5.2684E-10,3.9686E-10,3.6212E-07,3.6610E-14,2.2813E-07,1.7887E-07,2.4348E-06,1.1060E-13
<ATMOSPHERE-LAYER-5>4.7508E-01,3.0747E+02,2.9937E+01,7.2387E-01,1.5468E-01,5.7220E-02,1.3517E-02,7.9732E-04,9.9403E-03,4.8701E-23,1.2920E-06,9.3148E-03,2.3448E-15,5.2620E-10,3.9680E-10,3.9555E-07,4.0922E-14,2.2926E-07,1.8232E-07,2.3967E-06,5.0817E-14
<ATMOSPHERE-LAYER-6>3.9442E-01,3.0455E+02,3.7152E+01,7.2297E-01,1.5448E-01,5.8396E-02,1.3500E-02,7.9631E-04,9.9259E-03,3.1002E-23,1.2922E-06,9.3031E-03,6.6991E-16,5.2554E-10,3.9679E-10,4.2924E-07,4.6741E-14,2.3114E-07,1.8558E-07,2.3570E-06,2.3937E-14
<ATMOSPHERE-LAYER-7>3.2745E-01,3.0172E+02,4.4284E+01,7.2197E-01,1.5427E-01,5.9699E-02,1.3481E-02,7.9520E-04,9.9100E-03,2.0095E-23,1.2926E-06,9.2901E-03,1.8836E-16,5.2481E-10,3.9681E-10,4.6271E-07,5.4381E-14,2.3391E-07,1.8855E-07,2.3159E-06,1.1601E-14
<ATMOSPHERE-LAYER-8>2.7186E-01,2.9898E+02,5.1332E+01,7.2087E-01,1.5404E-01,6.1135E-02,1.3460E-02,7.9396E-04,9.8924E-03,1.3425E-23,1.2932E-06,9.2757E-03,5.3594E-17,5.2400E-10,3.9688E-10,4.9557E-07,6.4250E-14,2.3774E-07,1.9116E-07,2.2739E-06,5.8864E-15
<ATMOSPHERE-LAYER-9>2.2570E-01,2.9632E+02,5.8297E+01,7.1966E-01,1.5378E-01,6.2713E-02,1.3437E-02,7.9261E-04,9.8732E-03,9.4734E-24,1.2941E-06,9.2600E-03,1.6078E-17,5.2312E-10,3.9700E-10,5.2744E-07,7.6866E-14,2.4279E-07,1.9336E-07,2.2311E-06,3.2912E-15
<ATMOSPHERE-LAYER-10>1.8738E-01,2.9376E+02,6.5179E+01,7.1833E-01,1.5349E-01,6.4457E-02,1.3411E-02,7.9111E-04,9.8519E-03,7.2724E-24,1.2952E-06,9.2425E-03,5.3541E-18,5.2214E-10,3.9719E-10,5.5802E-07,9.2880E-14,2.4917E-07,1.9510E-07,2.1878E-06,2.2425E-15
<ATMOSPHERE-LAYER-11>1.5557E-01,2.9124E+02,7.1978E+01,7.1697E-01,1.5320E-01,6.6241E-02,1.3385E-02,7.8957E-04,9.8301E-03,6.0603E-24,1.2970E-06,9.2247E-03,2.0348E-18,5.2113E-10,3.9752E-10,5.8719E-07,1.1313E-13,2.5699E-07,1.9641E-07,2.1445E-06,2.0405E-15
<ATMOSPHERE-LAYER-12>1.2915E-01,2.8875E+02,7.8695E+01,7.1564E-01,1.5291E-01,6.7979E-02,1.3360E-02,7.8807E-04,9.8089E-03,5.3717E-24,1.2996E-06,9.2072E-03,8.8272E-19,5.2015E-10,3.9806E-10,6.1485E-07,1.3869E-13,2.6637E-07,1.9731E-07,2.1015E-06,2.4137E-15
<ATMOSPHERE-LAYER-13>1.0723E-01,2.8586E+02,8.5332E+01,7.1568E-01,1.5292E-01,6.7921E-02,1.3360E-02,7.8807E-04,9.8096E-03,4.8011E-24,1.3056E-06,9.2074E-03,4.3031E-19,5.2017E-10,3.9960E-10,6.4205E-07,1.7125E-13,2.7797E-07,1.9819E-07,2.0628E-06,3.4211E-15
<ATMOSPHERE-LAYER-14>8.9022E-02,2.8248E+02,9.1910E+01,7.1766E-01,1.5335E-01,6.5573E-02,1.3396E-02,7.9019E-04,9.6138E-03,4.3881E-24,1.3162E-06,9.2323E-03,2.5247E-19,5.2158E-10,4.0250E-10,6.6933E-07,2.1302E-13,2.9230E-07,1.9924E-07,2.0295E-06,5.4297E-15
<ATMOSPHERE-LAYER-15>7.3907E-02,2.7859E+02,9.8455E+01,7.2126E-01,1.5411E-01,6.0901E-02,1.3462E-02,7.9408E-04,9.6608E-03,4.1282E-24,1.3311E-06,9.2779E-03,1.9035E-19,5.2417E-10,4.0664E-10,6.9637E-07,2.6675E-13,3.0960E-07,2.0039E-07,2.0005E-06,9.3036E-15
<ATMOSPHERE-LAYER-16>6.1359E-02,2.7420E+02,1.0499E+02,7.2637E-01,1.5520E-01,5.4259E-02,1.3556E-02,7.9962E-04,9.7279E-03,3.9518E-24,1.3505E-06,9.3429E-03,1.8010E-19,5.2785E-10,4.1207E-10,7.2299E-07,3.3618E-13,3.3020E-07,2.0164E-07,1.9752E-06,1.6989E-14
<ATMOSPHERE-LAYER-17>5.0941E-02,2.6932E+02,1.1154E+02,7.3378E-01,1.5679E-01,4.4616E-02,1.3692E-02,8.0769E-04,9.8256E-03,3.7793E-24,1.3763E-06,9.4374E-03,1.9717E-19,5.3321E-10,4.1935E-10,7.4991E-07,4.2705E-13,3.5494E-07,2.0323E-07,1.9553E-06,3.3193E-14
<ATMOSPHERE-LAYER-18>4.2292E-02,2.6362E+02,1.1815E+02,7.4250E-01,1.5865E-01,3.3283E-02,1.3853E-02,8.1716E-04,9.9404E-03,3.4899E-24,1.4072E-06,9.5484E-03,2.3212E-19,5.3949E-10,4.2803E-10,7.7599E-07,5.4624E-13,3.8376E-07,2.0491E-07,1.9379E-06,7.1521E-14
<ATMOSPHERE-LAYER-19>3.5112E-02,2.5753E+02,1.2484E+02,7.5009E-01,1.6027E-01,2.3412E-02,1.3992E-02,8.2537E-04,1.0040E-02,3.1304E-24,1.4390E-06,9.6447E-03,2.7794E-19,5.4496E-10,4.3687E-10,7.9849E-07,7.0079E-13,4.1545E-07,2.0603E-07,1.9167E-06,1.6412E-13
<ATMOSPHERE-LAYER-20>2.9151E-02,2.5118E+02,1.3158E+02,7.5611E-01,1.6155E-01,1.5599E-02,1.4101E-02,8.3182E-04,1.0117E-02,2.7213E-24,1.4715E-06,9.7205E-03,3.2836E-19,5.4926E-10,4.4567E-10,8.1680E-07,9.0015E-13,4.4917E-07,2.0655E-07,1.8913E-06,3.9880E-13
<ATMOSPHERE-LAYER-21>2.4201E-02,2.4461E+02,1.3833E+02,7.6056E-01,1.6249E-01,9.8279E-03,1.4180E-02,8.3651E-04,1.0173E-02,2.2826E-24,1.5047E-06,9.7759E-03,3.7202E-19,5.5241E-10,4.5453E-10,8.3115E-07,1.1562E-12,4.8393E-07,2.0655E-07,1.8624E-06,1.0308E-12
<ATMOSPHERE-LAYER-22>2.0092E-02,2.3782E+02,1.4503E+02,7.6365E-01,1.6315E-01,5.8279E-03,1.4233E-02,8.3968E-04,1.0211E-02,1.8323E-24,1.5395E-06,9.8135E-03,3.8247E-19,5.5456E-10,4.6362E-10,8.4237E-07,1.4839E-12,5.1852E-07,2.0618E-07,1.8311E-06,2.8660E-12
<ATMOSPHERE-LAYER-23>1.6681E-02,2.3080E+02,1.5165E+02,7.6567E-01,1.6358E-01,3.2337E-03,1.4266E-02,8.4162E-04,1.0233E-02,1.3981E-24,1.5767E-06,9.8370E-03,3.4141E-19,5.5591E-10,4.7319E-10,8.5159E-07,1.9020E-12,5.5172E-07,2.0563E-07,1.7986E-06,8.7608E-12
<ATMOSPHERE-LAYER-24>1.3849E-02,2.2337E+02,1.5813E+02,7.6693E-01,1.6384E-01,1.6322E-03,1.4283E-02,8.4269E-04,1.0244E-02,1.0139E-24,1.6171E-06,9.8503E-03,2.6691E-19,5.5668E-10,4.8346E-10,8.5999E-07,2.4340E-12,5.8244E-07,2.0507E-07,1.7661E-06,3.0749E-11
<ATMOSPHERE-LAYER-25>1.1498E-02,2.1590E+02,1.6445E+02,7.6762E-01,1.6398E-01,7.7708E-04,1.4289E-02,8.4309E-04,1.0247E-02,7.2190E-25,1.6615E-06,9.8559E-03,1.9041E-19,5.5702E-10,4.9462E-10,8.6852E-07,3.1093E-12,6.0978E-07,2.0457E-07,1.7340E-06,1.2032E-10
<ATMOSPHERE-LAYER-26>9.5455E-03,2.0993E+02,1.7058E+02,7.6793E-01,1.6404E-01,4.2629E-04,1.4287E-02,8.4301E-04,1.0244E-02,5.6903E-25,1.7108E-06,9.8562E-03,1.1644E-19,5.5706E-10,5.0693E-10,8.7806E-07,3.9724E-12,6.3328E-07,2.0393E-07,1.7028E-06,4.5028E-10
<ATMOSPHERE-LAYER-27>7.9248E-03,2.0509E+02,1.7655E+02,7.6810E-01,1.6407E-01,2.6191E-04,1.4282E-02,8.4274E-04,1.0239E-02,4.7165E-25,1.7639E-06,9.8543E-03,0.0000E+00,5.5697E-10,5.2009E-10,8.8888E-07,5.0297E-12,6.5183E-07,2.0254E-07,1.6742E-06,1.4085E-09
<ATMOSPHERE-LAYER-28>6.5793E-03,2.0096E+02,1.8240E+02,7.6821E-01,1.6408E-01,1.7266E-04,1.4275E-02,8.4238E-04,1.0232E-02,3.8531E-25,1.8207E-06,9.8514E-03,1.3837E-18,5.5683E-10,5.3406E-10,9.0100E-07,6.3109E-12,6.6561E-07,1.9978E-07,1.6482E-06,3.3199E-09
<ATMOSPHERE-LAYER-29>5.4623E-03,1.9738E+02,1.8814E+02,7.6830E-01,1.6409E-01,1.2056E-04,1.4267E-02,8.4195E-04,1.0224E-02,3.1222E-25,1.8818E-06,9.8478E-03,7.0760E-20,5.5664E-10,5.4898E-10,9.1412E-07,7.8680E-12,6.7552E-07,1.9567E-07,1.6245E-06,6.1767E-09
<ATMOSPHERE-LAYER-30>4.5349E-03,1.9431E+02,1.9378E+02,7.6837E-01,1.6410E-01,8.9451E-05,1.4258E-02,8.4145E-04,1.0215E-02,2.5759E-25,1.9478E-06,9.8437E-03,2.2281E-20,5.5642E-10,5.6499E-10,9.2780E-07,9.7619E-12,6.8247E-07,1.9062E-07,1.6026E-06,9.7592E-09
<ATMOSPHERE-LAYER-31>3.7649E-03,1.9161E+02,1.9934E+02,7.6845E-01,1.6410E-01,6.9419E-05,1.4248E-02,8.4090E-04,1.0205E-02,2.1688E-25,2.0194E-06,9.8390E-03,4.1257E-20,5.5617E-10,5.8223E-10,9.4166E-07,1.2064E-11,6.8725E-07,1.8509E-07,1.5823E-06,1.3815E-08
<ATMOSPHERE-LAYER-32>3.1257E-03,1.8925E+02,2.0483E+02,7.6852E-01,1.6410E-01,5.6316E-05,1.4236E-02,8.4030E-04,1.0195E-02,1.8780E-25,2.0975E-06,9.8338E-03,3.8763E-20,5.5589E-10,6.0085E-10,9.5543E-07,1.4859E-11,6.9048E-07,1.7948E-07,1.5632E-06,1.8123E-08
<ATMOSPHERE-LAYER-33>2.5950E-03,1.8734E+02,2.1025E+02,7.6859E-01,1.6410E-01,4.8824E-05,1.4224E-02,8.3962E-04,1.0183E-02,1.7051E-25,2.1828E-06,9.8281E-03,3.5919E-20,5.5557E-10,6.2101E-10,9.6897E-07,1.8247E-11,6.9261E-07,1.7409E-07,1.5452E-06,2.2521E-08
<ATMOSPHERE-LAYER-34>2.1544E-03,1.8590E+02,2.1563E+02,7.6866E-01,1.6410E-01,5.1955E-05,1.4210E-02,8.3887E-04,1.0170E-02,1.6338E-25,2.2765E-06,9.8217E-03,3.4081E-20,5.5520E-10,6.4294E-10,9.8224E-07,2.2351E-11,6.9396E-07,1.6909E-07,1.5278E-06,2.6918E-08
<ATMOSPHERE-LAYER-35>1.7886E-03,1.8491E+02,2.2098E+02,7.6875E-01,1.6410E-01,5.1905E-05,1.4195E-02,8.3804E-04,1.0155E-02,1.6483E-25,2.3800E-06,9.8146E-03,3.3327E-20,5.5479E-10,6.6690E-10,9.9526E-07,2.7324E-11,6.9477E-07,1.6457E-07,1.5109E-06,3.1275E-08
<ATMOSPHERE-LAYER-36>1.4850E-03,1.8433E+02,2.2630E+02,7.6884E-01,1.6410E-01,5.1850E-05,1.4178E-02,8.3712E-04,1.0139E-02,1.7423E-25,2.4947E-06,9.8067E-03,3.3509E-20,5.5433E-10,6.9318E-10,1.0081E-06,3.3344E-11,6.9519E-07,1.6056E-07,1.4943E-06,3.5587E-08
<ATMOSPHERE-LAYER-37>1.2328E-03,1.8446E+02,2.3162E+02,7.6894E-01,1.6410E-01,5.1789E-05,1.4159E-02,8.3609E-04,1.0121E-02,1.9984E-25,2.6227E-06,9.7979E-03,3.4682E-20,5.5381E-10,7.2216E-10,1.0209E-06,4.0644E-11,6.9531E-07,1.5705E-07,1.4777E-06,3.9879E-08
<ATMOSPHERE-LAYER-38>1.0235E-03,1.8507E+02,2.3694E+02,7.6906E-01,1.6410E-01,5.1720E-05,1.4138E-02,8.3493E-04,1.0101E-02,2.4217E-25,2.7664E-06,9.7881E-03,3.6754E-20,5.5322E-10,7.5431E-10,1.0338E-06,4.9510E-11,6.9521E-07,1.5401E-07,1.4609E-06,4.4212E-08
<ATMOSPHERE-LAYER-39>8.4975E-04,1.8580E+02,2.4229E+02,7.6919E-01,1.6410E-01,5.1642E-05,1.4114E-02,8.3363E-04,1.0079E-02,2.9749E-25,2.9283E-06,9.7770E-03,3.9904E-20,5.5255E-10,7.9008E-10,1.0469E-06,6.0267E-11,6.9492E-07,1.5137E-07,1.4436E-06,4.8650E-08
<ATMOSPHERE-LAYER-40>7.0548E-04,1.8658E+02,2.4767E+02,7.6934E-01,1.6410E-01,5.1554E-05,1.4088E-02,8.3216E-04,1.0054E-02,3.6758E-25,3.1108E-06,9.7646E-03,4.5840E-20,5.5178E-10,8.2987E-10,1.0604E-06,7.3277E-11,6.9445E-07,1.4909E-07,1.4257E-06,5.3254E-08
<ATMOSPHERE-LAYER-41>5.8570E-04,1.8738E+02,2.5308E+02,7.6950E-01,1.6410E-01,5.1455E-05,1.4057E-02,8.3051E-04,1.0025E-02,4.5580E-25,3.3165E-06,9.7505E-03,6.1351E-20,5.5091E-10,8.7413E-10,1.0743E-06,8.8958E-11,6.9383E-07,1.4713E-07,1.4070E-06,5.8085E-08
<ATMOSPHERE-LAYER-42>4.8626E-04,1.8814E+02,2.5853E+02,7.6969E-01,1.6409E-01,5.1344E-05,1.4023E-02,8.2865E-04,9.9930E-03,5.6430E-25,3.5485E-06,9.7347E-03,1.1121E-19,5.4991E-10,9.2333E-10,1.0888E-06,1.0779E-10,6.9307E-07,1.4545E-07,1.3872E-06,6.3206E-08
<ATMOSPHERE-LAYER-43>4.0370E-04,1.8883E+02,2.6401E+02,7.6990E-01,1.6409E-01,5.1218E-05,1.3985E-02,8.2656E-04,9.9570E-03,6.9389E-25,3.8100E-06,9.7169E-03,2.8260E-19,5.4878E-10,9.7793E-10,1.1041E-06,1.3032E-10,6.9219E-07,1.4403E-07,1.3663E-06,6.8680E-08
<ATMOSPHERE-LAYER-44>3.3516E-04,1.8957E+02,2.6952E+02,7.7013E-01,1.6409E-01,5.1076E-05,1.3941E-02,8.2420E-04,9.9166E-03,8.6478E-25,4.1044E-06,9.6969E-03,8.7201E-19,5.4749E-10,1.0385E-09,1.1202E-06,1.5718E-10,6.9119E-07,1.4287E-07,1.3439E-06,7.4570E-08
<ATMOSPHERE-LAYER-45>2.7826E-04,1.9055E+02,2.7507E+02,7.7040E-01,1.6409E-01,5.0917E-05,1.3892E-02,8.2155E-04,9.8711E-03,1.1419E-24,4.4366E-06,9.6744E-03,2.8563E-18,5.4603E-10,1.1057E-09,1.1373E-06,1.8914E-10,6.9009E-07,1.4193E-07,1.3198E-06,8.0958E-08
<ATMOSPHERE-LAYER-46>2.3101E-04,1.9167E+02,2.8066E+02,7.7070E-01,1.6408E-01,5.0736E-05,1.3837E-02,8.1855E-04,9.8198E-03,2.2329E-24,4.8119E-06,9.6490E-03,9.3629E-18,5.4435E-10,1.1803E-09,1.1556E-06,2.2712E-10,6.8887E-07,1.4120E-07,1.2937E-06,8.7934E-08
<ATMOSPHERE-LAYER-47>1.9179E-04,1.9276E+02,2.8630E+02,7.7103E-01,1.6408E-01,5.0531E-05,1.3774E-02,8.1517E-04,9.7621E-03,2.0512E-23,5.2362E-06,9.6203E-03,3.0110E-17,5.4245E-10,1.2633E-09,1.1755E-06,2.7213E-10,6.8753E-07,1.4064E-07,1.2653E-06,9.5585E-08
<ATMOSPHERE-LAYER-48>1.5923E-04,1.9374E+02,2.9200E+02,7.7141E-01,1.6407E-01,5.0300E-05,1.3703E-02,8.1136E-04,9.6972E-03,3.9661E-22,5.7155E-06,9.5880E-03,9.4400E-17,5.4028E-10,1.3552E-09,1.1970E-06,3.2527E-10,6.8606E-07,1.4025E-07,1.2344E-06,1.0398E-07
<ATMOSPHERE-LAYER-49>1.3219E-04,1.9480E+02,2.9774E+02,7.7184E-01,1.6407E-01,5.0039E-05,1.3623E-02,8.0706E-04,9.6242E-03,7.1871E-21,6.2565E-06,9.5516E-03,2.8820E-16,5.3781E-10,1.4571E-09,1.2204E-06,3.8780E-10,6.8444E-07,1.4000E-07,1.2006E-06,1.1316E-07
<ATMOSPHERE-LAYER-50>1.0975E-04,1.9614E+02,3.0353E+02,7.7232E-01,1.6406E-01,4.9743E-05,1.3532E-02,8.0221E-04,9.5421E-03,1.1331E-19,6.8682E-06,9.5104E-03,8.5802E-16,5.3500E-10,1.5700E-09,1.2462E-06,4.6125E-10,6.8264E-07,1.3988E-07,1.1637E-06,1.2318E-07
<ATMOSPHERE-LAYER-51>9.1116E-05,1.9738E+02,3.0940E+02,7.7287E-01,1.6405E-01,4.9408E-05,1.3429E-02,7.9673E-04,9.4496E-03,1.5768E-18,7.5603E-06,9.4640E-03,2.4925E-15,5.3179E-10,1.6951E-09,1.2745E-06,5.4737E-10,6.8063E-07,1.3988E-07,1.1235E-06,1.3406E-07
<ATMOSPHERE-LAYER-52>7.5646E-05,1.9859E+02,3.1532E+02,7.7348E-01,1.6404E-01,4.9029E-05,1.3312E-02,7.9055E-04,9.3457E-03,1.9275E-17,8.3425E-06,9.4115E-03,7.0645E-15,5.2814E-10,1.8335E-09,1.3058E-06,6.4793E-10,6.7837E-07,1.3998E-07,1.0798E-06,1.4581E-07
<ATMOSPHERE-LAYER-53>6.2803E-05,1.9994E+02,3.2132E+02,7.7417E-01,1.6403E-01,4.8599E-05,1.3179E-02,7.8357E-04,9.2289E-03,2.0714E-16,9.2267E-06,9.3524E-03,1.9540E-14,5.2398E-10,1.9865E-09,1.3404E-06,7.6504E-10,6.7580E-07,1.4018E-07,1.0324E-06,1.5839E-07
<ATMOSPHERE-LAYER-54>5.2140E-05,2.0157E+02,3.2740E+02,7.7495E-01,1.6401E-01,4.8111E-05,1.3029E-02,7.7569E-04,9.0975E-03,1.9804E-15,1.0228E-05,9.2855E-03,5.2738E-14,5.1923E-10,2.1555E-09,1.3789E-06,9.0124E-10,6.7288E-07,1.4048E-07,9.8101E-07,1.7179E-07
<ATMOSPHERE-LAYER-55>4.3288E-05,2.0351E+02,3.3356E+02,7.7583E-01,1.6399E-01,4.7556E-05,1.2857E-02,7.6676E-04,8.9496E-03,1.7170E-14,1.1363E-05,9.2097E-03,1.3882E-13,5.1379E-10,2.3425E-09,1.4220E-06,1.0596E-09,6.6953E-07,1.4085E-07,9.2527E-07,1.8603E-07
<ATMOSPHERE-LAYER-56>3.5938E-05,2.0592E+02,3.3984E+02,7.7683E-01,1.6396E-01,4.6921E-05,1.2661E-02,7.5663E-04,8.7827E-03,1.3778E-13,1.2656E-05,9.1237E-03,3.5650E-13,5.0756E-10,2.5498E-09,1.4702E-06,1.2437E-09,6.6566E-07,1.4128E-07,8.6475E-07,2.0111E-07
<ATMOSPHERE-LAYER-57>2.9836E-05,2.0869E+02,3.4624E+02,7.7796E-01,1.6392E-01,4.6194E-05,1.2436E-02,7.4509E-04,8.5940E-03,1.0504E-12,1.4132E-05,9.0257E-03,8.9395E-13,5.0038E-10,2.7799E-09,1.5247E-06,1.4580E-09,6.6115E-07,1.4171E-07,7.9900E-07,2.1706E-07
<ATMOSPHERE-LAYER-58>2.4771E-05,2.1149E+02,3.5279E+02,7.7925E-01,1.6387E-01,4.5359E-05,1.2178E-02,7.3195E-04,8.3810E-03,7.7300E-12,1.5818E-05,8.9140E-03,2.1911E-12,4.9210E-10,3.0354E-09,1.5862E-06,1.7073E-09,6.5589E-07,1.4207E-07,7.2782E-07,2.3375E-07
<ATMOSPHERE-LAYER-59>2.0565E-05,2.1394E+02,3.5950E+02,7.8071E-01,1.6382E-01,4.4403E-05,1.1881E-02,7.1703E-04,8.1413E-03,5.4726E-11,1.7740E-05,8.7872E-03,5.2526E-12,4.8258E-10,3.3191E-09,1.6554E-06,1.9968E-09,6.4987E-07,1.4232E-07,6.5157E-07,2.5084E-07
<ATMOSPHERE-LAYER-60>1.7074E-05,2.1582E+02,3.6638E+02,7.8235E-01,1.6374E-01,4.3313E-05,1.1542E-02,7.0017E-04,7.8734E-03,3.6498E-10,1.9916E-05,8.6438E-03,1.2319E-11,4.7168E-10,3.6357E-09,1.7324E-06,2.3324E-09,6.4320E-07,1.4248E-07,5.7149E-07,2.6756E-07
<ATMOSPHERE-LAYER-61>1.4175E-05,2.1700E+02,3.7341E+02,7.8419E-01,1.6366E-01,4.2077E-05,1.1158E-02,6.8128E-04,7.5765E-03,2.2257E-09,2.2363E-05,8.4827E-03,2.8278E-11,4.5928E-10,3.9948E-09,1.8171E-06,2.7230E-09,6.3603E-07,1.4273E-07,4.8974E-07,2.8266E-07
<ATMOSPHERE-LAYER-62>1.1768E-05,2.1737E+02,3.8058E+02,7.8622E-01,1.6355E-01,4.0686E-05,1.0724E-02,6.6025E-04,7.2507E-03,1.2039E-08,2.5089E-05,8.3032E-03,6.3634E-11,4.4528E-10,4.4156E-09,1.9093E-06,3.1833E-09,6.2809E-07,1.4339E-07,4.0931E-07,2.9446E-07
<ATMOSPHERE-LAYER-63>9.7701E-06,2.1680E+02,3.8790E+02,7.8845E-01,1.6342E-01,3.9133E-05,1.0239E-02,6.3707E-04,6.8970E-03,5.6066E-08,2.8096E-05,8.1047E-03,1.4085E-10,4.2960E-10,4.9297E-09,2.0095E-06,3.7374E-09,6.1822E-07,1.4499E-07,3.3350E-07,3.0109E-07
<ATMOSPHERE-LAYER-64>8.1113E-06,2.1557E+02,3.9533E+02,7.9088E-01,1.6327E-01,3.7412E-05,9.7000E-03,6.1173E-04,6.5172E-03,2.1945E-07,3.1380E-05,7.8872E-03,3.0805E-10,4.1218E-10,5.5839E-09,2.1187E-06,4.4247E-09,6.0417E-07,1.4819E-07,2.6514E-07,3.0082E-07
<ATMOSPHERE-LAYER-65>6.7342E-06,2.1395E+02,4.0287E+02,7.9350E-01,1.6307E-01,3.5516E-05,9.1048E-03,5.8424E-04,6.1129E-03,7.1846E-07,3.4938E-05,7.6501E-03,6.6832E-10,3.9293E-10,6.4411E-09,2.2389E-06,5.3046E-09,5.8279E-07,1.5368E-07,2.0594E-07,2.9231E-07
<ATMOSPHERE-LAYER-66>5.5908E-06,2.1214E+02,4.1052E+02,7.9633E-01,1.6284E-01,3.3434E-05,8.4498E-03,5.5457E-04,5.6861E-03,1.9875E-06,3.8769E-05,7.3930E-03,1.4399E-09,3.7174E-10,7.5799E-09,2.3725E-06,6.4603E-09,5.5067E-07,1.6215E-07,1.5636E-07,2.7475E-07
<ATMOSPHERE-LAYER-67>4.6416E-06,2.1034E+02,4.1828E+02,7.9937E-01,1.6255E-01,3.1154E-05,7.7305E-03,5.2271E-04,5.2388E-03,4.7335E-06,4.2872E-05,7.1155E-03,3.0772E-09,3.4848E-10,9.0930E-09,2.5213E-06,8.0030E-09,5.0485E-07,1.7426E-07,1.1587E-07,2.4765E-07
<ATMOSPHERE-LAYER-68>3.8535E-06,2.0864E+02,4.2618E+02,8.0262E-01,1.6219E-01,2.8661E-05,6.9418E-03,4.8865E-04,4.7735E-03,9.9213E-06,4.7247E-05,6.8169E-03,6.5077E-09,3.2301E-10,1.1085E-08,2.6860E-06,1.0076E-08,4.4365E-07,1.9055E-07,8.3305E-08,2.1060E-07
<ATMOSPHERE-LAYER-69>3.1993E-06,2.0713E+02,4.3423E+02,8.0610E-01,1.6175E-01,2.5942E-05,6.0781E-03,4.5238E-04,4.2934E-03,1.8692E-05,5.1892E-05,6.4969E-03,1.3595E-08,2.9514E-10,1.3672E-08,2.8650E-06,1.2857E-08,3.6721E-07,2.1148E-07,5.7213E-08,1.6307E-07
<ATMOSPHERE-LAYER-70>2.6561E-06,2.0588E+02,4.4245E+02,8.0980E-01,1.6121E-01,2.2979E-05,5.1332E-03,4.1398E-04,3.8023E-03,3.2250E-05,5.6798E-05,6.1556E-03,2.8028E-08,2.6470E-10,1.6973E-08,3.0538E-06,1.6569E-08,2.7777E-07,2.3737E-07,3.6174E-08,1.0568E-07
<ATMOSPHERE-LAYER-71>2.2051E-06,2.0492E+02,4.5087E+02,8.1374E-01,1.6054E-01,1.9759E-05,4.1014E-03,3.7355E-04,3.3055E-03,5.1759E-05,6.1953E-05,5.7933E-03,5.6989E-08,2.3151E-10,2.1127E-08,3.2422E-06,2.1494E-08,1.8110E-07,2.6828E-07,1.9037E-08,4.9435E-08
<ATMOSPHERE-LAYER-72>1.8307E-06,2.0426E+02,4.5951E+02,8.1793E-01,1.5973E-01,1.6271E-05,2.9771E-03,3.3130E-04,2.8093E-03,7.8041E-05,6.7390E-05,5.4112E-03,1.1382E-07,1.9541E-10,2.6358E-08,3.4085E-06,2.8088E-08,9.1515E-08,2.9845E-07,5.3792E-09,1.9617E-08
<ATMOSPHERE-LAYER-73>1.5199E-06,2.0395E+02,4.6842E+02,8.2234E-01,1.5872E-01,1.2520E-05,1.7562E-03,2.8690E-04,2.3217E-03,1.1095E-04,7.3959E-05,5.0115E-03,2.1901E-07,1.5543E-10,3.2953E-08,3.5573E-06,3.5586E-08,2.6167E-08,3.0051E-07,4.0175E-10,1.3200E-08
<ATMOSPHERE-LAYER-74>1.2619E-06,2.0402E+02,4.7762E+02,8.2679E-01,1.5750E-01,9.0156E-06,6.1884E-04,1.9846E-04,1.8524E-03,1.3572E-04,6.8254E-05,4.5973E-03,3.4939E-07,1.0321E-10,3.8371E-08,3.4519E-06,3.6950E-08,3.6014E-09,1.3824E-07,1.7218E-10,6.4019E-09
<ATMOSPHERE-LAYER-75>1.0476E-06,2.0452E+02,4.8715E+02,8.3091E-01,1.5611E-01,6.5974E-06,1.3415E-04,6.3656E-05,1.4150E-03,9.5204E-05,2.8180E-05,4.1694E-03,6.6301E-07,5.1674E-11,5.8796E-08,2.9225E-06,6.6602E-08,2.8512E-10,2.6256E-08,7.2107E-11,2.3073E-09
<ATMOSPHERE-LAYER-76>8.6975E-07,2.0540E+02,4.9703E+02,8.3484E-01,1.5454E-01,4.6838E-06,2.3183E-05,1.1163E-05,1.0242E-03,4.6815E-05,6.1610E-06,3.7224E-03,1.8471E-06,2.2263E-11,1.4970E-07,2.1748E-06,1.9039E-07,1.6741E-11,3.9272E-09,1.7793E-11,6.1176E-10
<ATMOSPHERE-LAYER-77>7.2208E-07,2.0651E+02,5.0727E+02,8.3864E-01,1.5270E-01,2.5104E-06,2.6788E-06,9.2168E-07,6.9045E-04,1.5691E-05,5.5551E-07,3.2485E-03,1.9608E-06,7.2570E-12,4.0593E-07,7.7864E-07,7.8996E-07,3.5360E-13,4.7853E-10,9.1342E-15,2.5491E-11
<ATMOSPHERE-LAYER-78>5.9948E-07,2.0775E+02,5.1788E+02,8.4240E-01,1.5053E-01,1.3970E-06,2.8743E-07,7.1843E-08,4.2723E-04,3.1881E-06,2.4511E-08,2.7357E-03,2.7914E-07,1.4192E-12,2.5482E-07,2.2706E-07,9.0716E-07,2.3806E-15,4.7738E-11,2.9301E-18,1.2627E-12
<ATMOSPHERE-LAYER-79>4.9770E-07,2.0901E+02,5.2884E+02,8.4612E-01,1.4803E-01,9.1306E-07,3.0209E-08,5.4651E-09,2.4326E-04,5.5653E-07,1.0890E-09,2.2150E-03,2.9350E-08,2.5745E-13,1.2260E-07,9.4869E-08,6.8575E-07,1.2205E-17,4.3090E-12,4.1791E-20,1.5943E-13
<ATMOSPHERE-LAYER-80>4.1320E-07,2.1021E+02,5.4014E+02,8.4987E-01,1.4518E-01,6.5540E-07,3.1562E-09,4.1260E-10,1.2841E-04,1.0225E-07,7.3033E-11,1.7223E-03,3.1490E-09,4.7139E-14,5.4784E-08,4.6855E-08,4.4877E-07,1.6615E-19,4.3654E-13,2.5479E-21,3.4144E-14
<ATMOSPHERE-LAYER-81>3.4305E-07,2.1125E+02,5.5174E+02,8.5364E-01,1.4197E-01,4.8034E-07,3.3250E-10,3.1282E-11,6.3500E-05,2.2422E-08,7.7410E-12,1.2840E-03,3.9416E-10,9.2212E-15,2.2494E-08,2.5323E-08,2.6539E-07,1.5385E-20,6.8605E-14,2.6326E-22,8.6746E-15
<ATMOSPHERE-LAYER-82>2.8480E-07,2.1188E+02,5.6360E+02,8.5746E-01,1.3842E-01,3.5150E-07,3.5797E-11,2.4050E-12,2.9629E-05,6.0618E-09,1.1628E-12,9.1681E-04,6.1890E-11,2.1677E-15,8.5251E-09,1.4437E-08,1.4244E-07,3.9395E-21,1.7038E-14,3.6693E-23,2.1525E-15
<ATMOSPHERE-LAYER-83>2.3645E-07,2.1181E+02,5.7566E+02,8.6131E-01,1.3456E-01,2.5239E-07,4.0777E-12,1.8930E-13,1.3082E-05,1.9615E-09,2.0520E-13,6.2689E-04,3.7311E-11,7.3662E-16,2.9675E-09,8.5340E-09,6.9046E-08,5.5452E-21,8.3625E-15,1.7224E-23,4.7584E-16
<ATMOSPHERE-LAYER-84>1.9630E-07,2.1078E+02,5.8786E+02,8.6518E-01,1.3043E-01,1.7330E-07,9.7407E-13,1.5408E-14,5.4689E-06,7.2998E-10,3.5898E-14,4.1074E-04,1.5826E-10,3.5506E-16,9.2547E-10,5.1780E-09,2.9898E-08,3.0167E-20,1.8707E-14,6.3233E-23,9.0308E-17
<ATMOSPHERE-LAYER-85>1.6298E-07,2.0872E+02,6.0013E+02,8.6905E-01,1.2608E-01,1.1156E-07,1.9438E-12,1.3098E-15,2.1647E-06,3.0153E-10,1.0266E-14,2.5817E-04,5.3051E-10,1.8504E-16,2.5067E-10,3.1588E-09,1.1376E-08,8.3557E-20,4.5013E-14,1.5814E-22,1.4524E-17
<ATMOSPHERE-LAYER-86>1.3530E-07,2.0573E+02,6.1238E+02,8.7283E-01,1.2154E-01,6.7009E-08,4.8685E-12,1.1960E-16,8.1106E-07,1.3537E-10,2.6348E-14,1.5588E-04,1.1352E-09,8.6566E-17,5.7629E-11,1.8683E-09,3.7429E-09,1.1260E-19,6.4561E-14,2.1211E-22,1.9588E-18
<ATMOSPHERE-LAYER-87>1.1233E-07,2.0209E+02,6.2455E+02,8.7640E-01,1.1685E-01,3.7964E-08,9.6270E-12,1.8772E-17,2.8728E-07,6.7342E-11,7.8060E-14,9.0479E-05,1.7356E-09,3.5296E-17,1.1197E-11,1.0316E-09,1.0609E-09,7.9782E-20,5.7016E-14,1.7705E-22,2.1846E-19
<ATMOSPHERE-LAYER-88>9.3260E-08,1.9809E+02,6.3660E+02,8.7957E-01,1.1202E-01,2.0695E-08,1.5935E-11,1.7677E-17,9.5893E-08,3.8169E-11,1.5670E-13,5.0484E-05,2.0815E-09,1.3240E-17,1.8648E-12,5.2328E-10,2.6252E-10,3.2668E-20,3.3899E-14,1.0366E-22,1.9922E-20
<ATMOSPHERE-LAYER-89>7.7426E-08,1.9449E+02,6.4849E+02,8.8218E-01,1.0704E-01,1.1285E-08,2.2857E-11,2.6746E-17,2.9904E-08,2.4100E-11,2.2998E-13,2.7002E-05,2.0373E-09,4.9730E-18,2.7082E-13,2.3656E-10,5.7809E-11,8.3040E-21,1.4685E-14,4.6258E-23,1.4655E-21
<ATMOSPHERE-LAYER-90>6.4281E-08,1.9202E+02,6.6025E+02,8.8412E-01,1.0187E-01,6.4307E-09,2.8637E-11,3.3396E-17,8.5564E-09,1.5946E-11,2.6012E-13,1.3751E-05,1.6493E-09,2.0437E-18,3.4068E-14,9.1534E-11,1.1317E-11,1.3512E-21,4.8779E-15,1.6312E-23,8.4384E-23
<ATMOSPHERE-LAYER-91>5.3367E-08,1.9151E+02,6.7195E+02,8.8529E-01,9.6456E-02,4.0031E-09,3.1129E-11,3.3276E-17,2.1730E-09,1.0398E-11,2.3139E-13,6.5833E-06,1.0920E-09,9.8110E-19,3.5165E-15,2.7970E-11,1.8967E-12,1.3189E-22,1.2558E-15,4.4940E-24,3.5490E-24
<ATMOSPHERE-LAYER-92>4.4306E-08,1.9337E+02,6.8372E+02,8.8562E-01,9.0735E-02,2.7641E-09,2.9355E-11,2.6791E-17,4.6442E-10,6.3490E-12,1.6359E-13,2.9080E-06,5.8558E-10,5.5005E-19,2.6597E-16,6.2377E-12,2.5413E-13,6.0586E-24,2.3943E-16,8.9823E-25,9.5807E-26
<ATMOSPHERE-LAYER-93>3.6784E-08,1.9732E+02,6.9571E+02,8.8495E-01,8.4698E-02,2.0388E-09,2.4296E-11,1.7729E-17,7.7193E-11,3.4817E-12,9.2660E-14,1.1587E-06,2.5538E-10,3.3807E-19,1.2325E-17,9.9459E-13,2.5696E-14,6.1433E-26,3.0456E-17,1.1460E-25,1.3301E-27
<ATMOSPHERE-LAYER-94>3.0539E-08,2.0223E+02,7.0807E+02,8.8312E-01,7.8412E-02,1.4801E-09,1.8030E-11,9.8261E-18,8.9183E-12,1.6611E-12,4.2412E-14,4.0757E-07,9.3740E-11,2.1301E-19,2.8478E-19,1.2327E-13,1.9510E-15,2.8562E-27,2.2398E-18,7.5187E-27,6.3043E-30
<ATMOSPHERE-LAYER-95>2.5354E-08,2.0649E+02,7.2087E+02,8.7996E-01,7.2019E-02,9.7757E-10,1.2196E-11,4.5841E-18,6.0579E-13,6.7752E-13,1.5851E-14,1.2481E-07,3.0542E-11,1.3159E-19,6.1675E-21,1.3584E-14,1.1848E-16,0.0000E+00,8.5460E-20,1.3009E-28,2.8937E-33
<ATMOSPHERE-LAYER-96>2.1049E-08,2.0960E+02,7.3410E+02,8.7536E-01,6.5647E-02,5.6847E-10,7.4544E-12,1.7410E-18,1.7100E-14,2.3504E-13,4.8640E-15,3.2968E-08,8.8750E-12,7.6348E-20,7.1249E-23,1.3664E-15,6.2540E-18,2.5890E-29,1.8915E-21,0.0000E+00,0.0000E+00
<ATMOSPHERE-LAYER-97>1.7475E-08,2.1164E+02,7.4770E+02,8.6923E-01,5.9390E-02,2.9036E-10,4.0652E-12,5.2039E-19,2.5247E-16,6.9354E-14,1.2385E-15,7.4332E-09,2.2537E-12,4.0182E-20,3.4842E-24,1.2038E-16,2.8614E-19,0.0000E+00,2.1995E-23,9.1979E-32,4.3807E-39
<ATMOSPHERE-LAYER-98>1.4508E-08,2.1286E+02,7.6162E+02,8.6148E-01,5.3323E-02,1.3129E-10,1.9742E-12,1.2135E-19,3.1470E-17,1.7391E-14,2.6608E-16,1.4092E-09,4.9439E-13,1.8920E-20,0.0000E+00,8.6814E-18,9.4953E-21,8.1927E-31,2.2045E-25,0.0000E+00,3.4175E-42
<ATMOSPHERE-LAYER-99>1.2045E-08,2.1348E+02,7.7581E+02,8.5203E-01,4.7509E-02,5.2993E-11,8.5841E-13,2.2161E-20,0.0000E+00,3.6840E-15,4.8841E-17,2.1943E-10,9.3409E-14,7.9735E-21,4.3053E-26,4.6375E-19,1.5981E-22,0.0000E+00,0.0000E+00,2.9816E-34,6.3511E-43
<ATMOSPHERE-LAYER-100>1.0000E-08,2.1366E+02,7.9025E+02,8.4083E-01,4.1996E-02,1.9184E-11,3.3571E-13,3.0682E-21,1.5967E-19,6.4918E-16,7.5301E-18,2.6825E-11,1.4884E-14,3.0242E-21,0.0000E+00,1.5609E-20,7.1311E-25,4.4743E-32,2.0529E-27,0.0000E+00,1.4922E-45
<SURFACE-TEMPERATURE>319.831
<SURFACE-ALBEDO>0
<SURFACE-EMISSIVITY>1.0
<SURFACE-NSURF>0
<OBJECT>K2-18b
<OBJECT-NAME>Sorg1X
<OBJECT-DIAMETER>30198
<OBJECT-GRAVITY>12.43
<OBJECT-GRAVITY-UNIT>g
<OBJECT-STAR-DISTANCE>0.1591
<OBJECT-STAR-VELOCITY>0.0
<OBJECT-STAR-TYPE>M
<OBJECT-STAR-TEMPERATURE>3500.0
<OBJECT-STAR-RADIUS>0.4445
<OBJECT-SOLAR-LONGITUDE>0.0
<OBJECT-SOLAR-LATITUDE>0.0
<OBJECT-STAR-METALLICITY>0.1<OBJECT-OBS-LONGITUDE>0.0
<OBJECT-OBS-LATITUDE>0.0
<OBJECT-INCLINATION>90.00
<OBJECT-SEASON>0.0
<OBJECT-PERIOD>32.94
<ATMOSPHERE-NMAX>1
<ATMOSPHERE-LMAX>2
<GEOMETRY-STAR-DISTANCE>0.000000e+00
<GEOMETRY-SOLAR-ANGLE>90.000
<GEOMETRY-OBS-ANGLE>48.121
<GEOMETRY-BRDFSCALER>1.000
<GEOMETRY-AZIMUTH>0.000
<GEOMETRY-STAR-FRACTION>4.098420e-05
<GEOMETRY-ROTATION>-0.00,0.05
<GENERATOR-INSTRUMENT>User
<GENERATOR-RANGE1>3
<GENERATOR-RANGE2>20
<GENERATOR-RANGEUNIT>um
<GENERATOR-RESOLUTION>1000
<GENERATOR-RESOLUTIONUNIT>RP
<GENERATOR-TELESCOPE>SINGLE
<GENERATOR-TELESCOPE2>0.0
<GENERATOR-DIAMTELE>5.64
<GENERATOR-BEAM>1.0
<GENERATOR-BEAM-UNIT>diffrac
<GENERATOR-NOISE>CCD
<GENERATOR-NOISE1>32
<GENERATOR-NOISE2>0.2
<GENERATOR-NOISEOTEMP>50
<GENERATOR-NOISEOEFF>0.00@4.52,0.04@4.72,0.07@4.90,0.12@4.98,0.16@5.13,0.18@5.18,0.20@5.24,0.23@5.39,        0.25@5.53,0.27@5.88,0.29@6.14,0.30@6.37,0.30@6.60,0.29@6.89,0.29@7.23,0.30@7.55,0.31@7.75,0.33@8.07,0.32@8.48,0.32@8.85,        0.31@9.17,0.29@9.57,0.27@9.95,0.26@10.30,0.24@10.56,0.22@10.79,0.20@10.96,0.17@11.25,0.15@11.48,0.13@11.74,0.11@12.09,0.09@12.40,0.08@12.52
<GENERATOR-NOISEOEMIS>0.10
<GENERATOR-NOISETIME>3
<GENERATOR-NOISEFRAMES>1115
<GENERATOR-NOISEPIXELS>0.76@5.01,1.03@5.65,1.44@6.57,1.87@7.54,2.17@8.24,2.49@8.95,2.76@9.55,3.08@10.30,3.44@11.03,3.72@11.69,4.03@12.35,4.30@13.02
<GENERATOR-TRANS-APPLY>N
<GENERATOR-TRANS-SHOW>N
<GENERATOR-GAS-MODEL>Y
<GENERATOR-CONT-MODEL>Y
<GENERATOR-CONT-STELLAR>Y
<GENERATOR-RADUNITS>Wsrm2um
