#wl_pl (μm) Fp_w1 snr_w1
4.040404040404040664e+00 3.598964364359112806e+05 6.524867808599463248e-02
4.122028364452606120e+00 5.183275263574207784e+05 9.639626242288307223e-02
4.205301664744578893e+00 6.888493389679887332e+04 1.305950578631024685e-02
4.290257253931337722e+00 1.999487963992310824e+03 3.785493978631412470e-04
4.376929117647121892e+00 1.726398978701278975e+04 3.378906032435814548e-03
4.465351928104639434e+00 2.192462955816792091e+05 4.472286805903558787e-02
4.555561057965339167e+00 9.480359821339350310e+04 1.969365704735618824e-02
4.647592594489891482e+00 7.961585024772092584e+04 1.727994731697215028e-02
4.741483353974536463e+00 7.576658968096452008e+04 1.763302465252844856e-02
4.837270896479072491e+00 3.215799999268891406e+05 7.862537386025453268e-02
4.934993540852387284e+00 9.070152775771940360e+05 2.325020855125340402e-01
5.034690380061525694e+00 1.198753300123633817e+06 3.316225731985567582e-01
5.136401296830445773e+00 1.132197769590871641e+06 3.381385540166298442e-01
5.240166979594697239e+00 9.769481961168983253e+05 3.088004022008465355e-01
5.346028938778427886e+00 1.139849925693714991e+06 3.832990519124828133e-01
5.454029523400214963e+00 9.290043321135742590e+05 3.385221199195844743e-01
5.564211938014360648e+00 8.958965916724811541e+05 3.523593709496862791e-01
5.676620259994448858e+00 7.636448831568525638e+05 3.195624951882478082e-01
5.791299457166053877e+00 7.758293184587515425e+05 3.463533611848489957e-01
5.908295405795671584e+00 6.594285044753430411e+05 3.183111079060114146e-01
6.027654908943058665e+00 7.782089955373123521e+05 4.066670728563231973e-01
6.149425715184332120e+00 9.868839922074050410e+05 5.530169538810097984e-01
6.273656537713309334e+00 1.612658286851824727e+06 9.662113991192010642e-01
6.400397073828729688e+00 7.884261300433216384e+05 5.091581468959466283e-01
6.529698024815169255e+00 1.883397966796985711e+05 1.319052598129033527e-01
6.661611116225575557e+00 3.833497972672940814e+05 2.902093185675978515e-01
6.796189118573567001e+00 3.704681992425748613e+05 3.012885835784115396e-01
6.933485868443741040e+00 5.621083051457569236e+05 4.906052208083419020e-01
7.073556290028461646e+00 9.940020361177449813e+05 9.347349835437988030e-01
7.216456417099744947e+00 1.548135232152762124e+06 1.572142281073797720e+00
7.362243415424991611e+00 1.030120589821631089e+06 1.126852457081213954e+00
7.510975605635596963e+00 9.551287898999884492e+05 1.119339234398042837e+00
7.662712486557527569e+00 9.802892053698562086e+05 1.226566424850815018e+00
7.817514759013236336e+00 1.145393157252474688e+06 1.529620210169539307e+00
7.975444350104412550e+00 1.535517974055714440e+06 2.189171392914213143e+00
8.136564437985310150e+00 3.283935666271239053e+06 4.984825175154061760e+00
8.300939477136529021e+00 5.823930474222503603e+06 9.364544069069653531e+00
8.468635224149389629e+00 7.442094057394996285e+06 1.261556662332414014e+01
8.639718764031194098e+00 9.022139474022578448e+06 1.605638001886014621e+01
8.814258537041927966e+00 1.073631797760851867e+07 2.000425698466432323e+01
8.992324366073077613e+00 1.162332829186755978e+07 2.264120639305803095e+01
9.173987484579601670e+00 1.232411093691806681e+07 2.502711376734592008e+01
9.359320565076162168e+00 1.228492756438928656e+07 2.591322577625458479e+01
9.548397748209012548e+00 1.122421662171730027e+07 2.448951598378220140e+01
9.741294672415254041e+00 1.098789587251612544e+07 2.465091266386018987e+01
9.938088504181219918e+00 1.108906157830355503e+07 2.546087352558338779e+01
1.013885796891215385e+01 1.160516435227972642e+07 2.716394612194952529e+01
1.034368338242552987e+01 1.165003031158176064e+07 2.772931116707674803e+01
1.055264668308059228e+01 1.086517093122593127e+07 2.623724877360526264e+01
1.076583146455696749e+01 1.258774711675317399e+07 3.063088992636079055e+01
1.098332300929549277e+01 1.185976435030762292e+07 2.903936385365727801e+01
1.120520832261459354e+01 9.292609999011989683e+06 2.284493114343624143e+01
1.143157616751589778e+01 6.441137188927156851e+06 1.584092478045470109e+01
1.166251710019298748e+01 4.420874616430182010e+06 1.083066654077466140e+01
1.189812350625749282e+01 4.247724042454677634e+06 1.031862946839885353e+01
1.213848963769703637e+01 4.548729222822674550e+06 1.092914079580990006e+01
1.238371165057980683e+01 4.530741362737664022e+06 1.075124058772875912e+01
1.263388764352081139e+01 5.537153067992014810e+06 1.293820866368026223e+01
1.288911769692527365e+01 8.144893975637137890e+06 1.867217575050295864e+01
1.314950391302477506e+01 1.062846392108708993e+07 2.385994476558197519e+01
1.341515045672224282e+01 1.082755749824735709e+07 2.380470489771571607e+01
1.368616359726208742e+01 9.961056477007070556e+06 2.142757121135237597e+01
1.396265175074213083e+01 7.816303190796250477e+06 1.644464226075325541e+01
1.424472552348439613e+01 5.790013630509016104e+06 1.189996267497129701e+01
1.453249775628206031e+01 3.594885945672552101e+06 7.213651373602826489e+00
1.482608356954028395e+01 3.014829084728320595e+06 5.897028276052548534e+00
1.512560040932897643e+01 3.088908234267495573e+06 5.885163931252039404e+00
1.543116809436592263e+01 3.633286075004739687e+06 6.738449408823836251e+00
1.574290886394907574e+01 5.346043956202968024e+06 9.640075798237953464e+00
1.606094742685713683e+01 7.436391485375711694e+06 1.302732551027852459e+01
1.638541101123809085e+01 8.869265168440524489e+06 1.509047209303902193e+01
1.671642941550552308e+01 9.382564135299401358e+06 1.550135353733931076e+01
1.705413506026321002e+01 1.035215303352128901e+07 1.659336952653741193e+01
1.739866304127863117e+01 1.077932386754862964e+07 1.676033412348424179e+01
1.775015118352667898e+01 1.097936430913174339e+07 1.655815722671970747e+01
1.810874009632519943e+01 1.073899818407018483e+07 1.571218819748210471e+01
1.839491374864422824e+01 1.002739915452280827e+07 1.083229783166700422e+01
